50875090
51190330
52211480
51350260
50090240
50751390
52140320
52280705
52091363
52050080
50731010
50970455
50751320
51340440
51250080
50110066
52090468
51170530
50790460
52131480
52170140
52080211
52190520
52221140
52060090
50780030
50780080
52041521
50940194
50940191
50940190
50940192
50940195
50940193
50810130
52041030
51345720
50771590
50865130
51340680
50980425
50680685
51010080
52190311
51260530
52080410
52081194
50721711
50721710
52120165
51150790
52280391
52090154
50751695
52070221
52211471
52211470
50690670
51300520
50660400
51340590
52080121
52280301
50751270
52071152
52131000
52130220
52130221
52070600
52011150
50910230
50920730
52090371
52070571
52070570